5|2|6|7|42.4958|0.0001
6|2|7|8|2.4986|0.0001
7|2|8|9|7.5994|0.0001
8|2|9|10|134.949|0.0001
9|2|10|11|134.2655|0.0001
10|2|11|12|150.674|0.0001
11|2|12|13|21.047|0.0001
12|2|13|14|21.0083|0.0001
13|2|14|15|20.993|0.0001
14|2|15|16|23.9884|0.0001
15|2|16|17|22.9671|0.0001
16|3|18|19|4.9906|0.0001
17|3|19|20|5.0033|0.0001
18|3|20|21|61.9914|0.0001
19|3|21|22|61.9107|0.0001
20|3|22|23|101.9463|0.0001
21|3|23|24|142.044|0.0001
22|3|24|25|221.9575|0.0001
93|6|85|86|4.9908|0.0003
94|6|86|87|5.0034|0.0003
95|6|87|88|61.9918|0.0003
96|6|88|89|61.9106|0.0003
97|6|89|90|101.9456|0.0003
98|6|90|91|142.028|0.0003
99|6|91|92|221.9649|0.0003
100|7|93|94|42.4964|0.0004
101|7|94|95|2.4983|0.0004
102|7|95|96|7.5996|0.0004
103|7|96|97|134.9483|0.0004
104|7|97|98|134.2655|0.0004
105|7|98|99|150.6738|0.0004
106|7|99|100|21.0479|0.0005
107|7|100|101|21.0081|0.0005
108|7|101|102|20.9927|0.0005
109|7|102|103|23.9888|0.0006
110|7|103|104|22.9664|0.0006
125|10|121|122|4.9912|0
126|10|122|123|5.0033|0
127|10|123|124|61.9918|0
128|10|124|125|61.9114|0
129|10|125|126|101.9437|0
130|10|126|127|142.0457|0
131|10|127|128|221.9616|0
144|12|142|143|5.0033|0
146|12|144|145|61.9114|0
148|12|146|147|142.0457|0
150|13|149|150|4.9912|0
151|13|150|151|5.0033|0
152|13|151|152|61.9918|0
153|13|152|153|61.9114|0
154|13|153|154|101.9437|0
155|13|154|155|142.0457|0
156|13|155|156|221.9616|0
158|11|130|131|2.4982|0
160|11|132|133|134.9483|0
162|11|134|135|150.6736|0
164|11|136|137|21.0088|0
166|11|138|139|23.9885|0
167|14|157|158|42.4967|0
168|14|158|159|2.4982|0
169|14|159|160|7.6004|0
170|14|160|161|134.9483|0
171|14|161|162|134.2653|0
172|14|162|163|150.6736|0
173|14|163|164|21.0479|0
174|14|164|165|21.0088|0
175|14|165|166|20.9922|0
176|14|166|167|23.9885|0
177|14|167|168|22.9668|0
178|15|169|170|20.00075|0.0002
179|15|170|171|31.9958|0.00021
180|15|171|172|64.00385|0.00021
181|15|172|173|89.96565|0.00022
182|16|174|175|20.003|0
183|16|175|176|31.9938|0
184|16|176|177|64.0032|0
185|16|177|178|89.9649|0
211|20|207|208|42.4967|0
212|20|208|209|2.4982|0
213|20|209|210|7.6004|0
214|20|210|211|134.9483|0
215|20|211|212|134.2653|0
216|20|212|213|150.6736|0
217|20|213|214|21.0479|0
218|20|214|215|21.0088|0
219|20|215|216|20.9922|0
220|20|216|217|23.9885|0
221|20|217|218|22.9668|0
234|22|232|233|0.99974|0.00011
235|22|233|234|1.00003|0.00015556349186104
236|22|234|235|1.00021|0.00015556349186104
237|22|235|236|1.00006|0.00015556349186104
238|22|236|237|1.00006|0.00015556349186104
239|22|237|238|0.99986|0.00015556349186104
240|22|238|239|1.00021|0.00015556349186104
241|22|239|240|1.00002|0.000162788205960997
242|22|240|241|0.999750000000001|0.000162788205960997
243|22|241|242|1.00019|0.000162788205960997
244|22|242|243|10.00053|0.000268328157299975
245|22|243|244|10.00033|0.000416173040933696
264|25|265|266|4.9912|0.00091
265|25|266|267|5.0039|0.00124523090228279
266|25|267|268|61.9914|0.00120917327128911
267|25|268|269|61.9109|0.00127404866469064
268|25|269|270|101.9444|0.00140185591271
269|25|270|271|142.0435|0.00155794736753204
270|25|271|272|221.965|0.0017348486965727
271|26|273|274|42.4967|0
272|26|274|275|2.4982|0
273|26|275|276|7.6004|0
274|26|276|277|134.9483|0
275|26|277|278|134.2653|0
276|26|278|279|150.6736|0
277|26|279|280|21.0479|0
278|26|280|281|21.0088|0
279|26|281|282|20.9922|0
280|26|282|283|23.9885|0
281|26|283|284|22.9668|0
293|28|297|298|42.4969|0.00065
294|28|298|299|2.4984|0.000919238815542512
295|28|299|300|7.6007|0.000919238815542512
296|28|300|301|134.9478|0.000919238815542512
297|28|301|302|134.2656|0.000940691235209513
298|28|302|303|150.6736|0.000983107318658548
299|28|303|304|21.0482|0.0010255242561734
300|28|304|305|21.0085|0.00107517440445725
301|28|305|306|20.9922|0.00113899078134988
302|28|306|307|23.9882|0.00120241423810599
303|28|307|308|22.9672|0.00126621483169326
322|31|329|330|4.9909927902927|0.000165026719953897
323|31|330|331|5.00407426084674|0.000218017435427686
324|31|331|332|61.991818035774|0.000211978373908091
325|31|332|333|61.9102677486186|0.000235054397932182
326|31|333|334|101.944895694323|0.000263078446675517
327|31|334|335|142.043366019855|0.000297932350421117
328|31|335|336|221.965838017214|0.000347998187991018
329|32|337|338|42.4987231895559|0.000141462146336523
330|32|338|339|2.49867553810372|0.000199928947208209
331|32|339|340|7.60075923018173|0.000199532405768024
332|32|340|341|134.946914009802|0.000198309039702416
333|32|341|342|134.266134313813|0.000201012521906556
334|32|342|343|150.673567628381|0.000209549135529917
335|32|343|344|21.0483524622301|0.000220829973786281
336|32|344|345|21.0082082380426|0.000234339731172803
337|32|345|346|20.9923744889539|0.000249226391342111
338|32|346|347|23.9882108306573|0.000265656015540847
339|32|347|348|22.9672677668394|0.000283775465851106
340|33|349|350|42.4999777915553|0.000134125297404054
341|33|350|351|2.49887206706189|0.000189555303093554
342|33|351|352|7.6007527757623|0.000189157227763159
343|33|352|353|134.947841921238|0.000188139224615785
344|33|353|354|134.265346346557|0.000190916720829358
345|33|354|355|150.673544672557|0.000198940864348145
346|33|355|356|21.0485334637897|0.000209645767809573
347|33|356|357|21.0073005545976|0.000222787441112566
348|33|357|358|20.9931223776299|0.000237335223967209
349|33|358|359|24.5154528845869|0.000253152090405141
350|33|359|360|22.440218177712|0.000270583961052676
351|34|361|362|4.99041825060448|0.000161137337822362
352|34|362|363|5.00380679901479|0.000212783238622694
353|34|363|364|61.9917028751435|0.00020687913699554
354|34|364|365|61.9099823236087|0.00022960330283623
355|34|365|366|101.945500178494|0.000257186270926389
356|34|366|367|142.042932299509|0.000291558035432991
357|34|367|368|221.965424566327|0.000341104127771523
358|35|369|370|42.5003965054418|0.000172713607160451
359|35|370|371|2.49899133871114|0.000247306257902148
360|35|371|372|7.60060959085992|0.000260750148971673
361|35|372|373|134.948014943479|0.000547614122612968
362|35|373|374|134.26491165621|0.0010001989545747
363|35|374|375|150.673087065134|0.00151748260332922
364|35|375|376|21.0487070791281|0.00180909269829317
365|35|376|377|21.0070753671421|0.00188831439627882
366|35|377|378|20.9929859188018|0.00196784724262635
367|35|378|379|24.5155897234536|0.00205354346246165
368|35|379|380|22.4401094276445|0.0021417035597447
369|36|381|382|42.5004257598121|0.000170887780750889
370|36|382|383|2.49898046630013|0.000244737426565772
371|36|383|384|7.60064034234953|0.000259322851539974
372|36|384|385|134.94798286233|0.000547511058482499
373|36|385|386|134.264916873915|0.00100031431372083
374|36|386|387|150.673092292895|0.00151746621833143
375|36|387|388|21.0487140568917|0.00180909690041454
376|36|388|389|21.0070735788976|0.00188855820101004
377|36|389|390|20.9929698114304|0.00196829391123137
378|36|390|391|24.5155933506214|0.00205427385962302
379|36|391|392|22.4401221369534|0.00214284534475373
